0 
-0.03075 
-0.0630759 
-0.0970586 
-0.132783 
-0.170338 
-0.209818 
-0.251321 
-0.294951 
-0.340817 
-0.389034 
-0.439722 
-0.493008 
-0.549025 
-0.607912 
-0.669818 
-0.734896 
-0.803309 
-0.875229 
-0.950834 
-1.03031 
-1.11387 
-1.2017 
-1.29404 
-1.39111 
-1.49316 
-1.60043 
-1.7132 
-1.83175 
-1.95638 
-2.0874 
-2.22512 
-2.36991 
-2.52212 
-2.68213 
-2.85034 
-3.02717 
-3.21306 
-3.40848 
-3.61391 
-3.82988 
-4.05691 
-4.29557 
-4.54647 
-4.81023 
-5.0875 
-5.37899 
-5.68541 
-6.00754 
-6.34617 
-6.70217 
-7.0764 
-7.46982 
-7.8834 
-8.31817 
-8.77523 
-9.25571 
-9.76081 
-10.2918 
-10.85 
-11.4368 
-12.0537 
-12.7022 
-13.3839 
-14.1006 
-14.854 
-15.6461 
-16.4787 
-17.3539 
-18.2741 
-19.2414 
-20.2583 
-21.3272 
-22.451 
-23.6324 
-24.8743 
-26.1798 
-27.5523 
-28.9951 
-30.5119 
-32.1063 
-33.7825 
-35.5446 
-37.3971 
-39.3444 
-41.3916 
-43.5436 
-45.806 
-48.1843 
-50.6845 
-53.3128 
-56.0759 
-58.9805 
-62.034 
-65.244 
-68.6185 
-72.1659 
-75.8952 
-79.8156 
-83.9369 
-88.2694 
