1 
0.95 
0.901875 
0.855578 
0.811064 
0.768287 
0.727205 
0.687775 
0.649955 
0.613707 
0.578989 
0.545764 
0.513995 
0.483645 
0.454679 
0.427062 
0.400761 
0.375741 
0.328204 
0.285544 
0.247517 
0.213891 
0.184447 
0.158974 
0.115577 
0.0865191 
0.0703672 
0.0658305 
0.0717475 
0.0870727 
0.110865 
0.142279 
0.180551 
0.224996 
0.249996 
0.276246 
0.303684 
0.33225 
0.361887 
0.392543 
0.424166 
0.456707 
0.490122 
0.524366 
0.559398 
0.595178 
0.631669 
0.668835 
0.706644 
0.745062 
0.784058 
0.823606 
0.863675 
0.904241 
0.945279 
0.986765 
1.02868 
1.07099 
1.11369 
1.15676 
1.20017 
1.24391 
1.28797 
1.33232 
1.37695 
1.42185 
1.46701 
1.51241 
1.55804 
1.60389 
1.64994 
1.6962 
1.74264 
1.78926 
1.83604 
1.88299 
1.93009 
1.97734 
2.02472 
2.07223 
2.11987 
2.16763 
2.2155 
2.26347 
2.31155 
2.35972 
2.40799 
2.45634 
2.50477 
2.55328 
2.60187 
2.65052 
2.69925 
2.74803 
2.79688 
2.84579 
2.89475 
2.94376 
2.99282 
3.04193 
3.09109 
3.14028 
3.18952 
3.23879 
3.2881 
3.33745 
3.38682 
3.43623 
3.48567 
3.53514 
3.58463 
3.63415 
3.68369 
3.73326 
3.78284 
3.83245 
3.88208 
3.93173 
3.98139 
