1 
0.8 
0.63 
0.487 
0.3683 
0.27147 
0.194323 
0.134891 
0.0914016 
0.0622615 
0.0460353 
0.0414318 
0.0472886 
0.0625597 
0.0863038 
0.117673 
0.155906 
0.200315 
0.250284 
0.305256 
0.36473 
0.428257 
0.495431 
0.565888 
0.639299 
0.715369 
0.793832 
0.874449 
0.957004 
1.0413 
1.12717 
1.21446 
1.30301 
1.39271 
1.48344 
1.57509 
1.66759 
1.76083 
1.85474 
1.94927 
2.04434 
2.13991 
2.23592 
2.33233 
2.42909 
2.52618 
2.62357 
2.72121 
2.81909 
2.91718 
3.01546 
3.11392 
3.21252 
3.31127 
3.41014 
3.50913 
3.60822 
3.7074 
3.80666 
3.90599 
4.00539 
