0 
-0.03 
-0.0615 
-0.094575 
-0.129304 
-0.165769 
-0.204057 
-0.24426 
-0.286473 
-0.330797 
-0.377337 
-0.426204 
-0.477514 
-0.531389 
-0.587959 
-0.647357 
-0.709725 
-0.775211 
-0.843972 
-0.91617 
-0.991979 
-1.07158 
-1.15516 
-1.24291 
-1.33506 
-1.43181 
-1.5334 
-1.64007 
-1.75208 
-1.86968 
-1.99317 
-2.12282 
-2.25896 
-2.40191 
-2.55201 
-2.70961 
-2.87509 
-3.04884 
-3.23129 
-3.42285 
-3.62399 
-3.83519 
-4.05695 
-4.2898 
-4.53429 
-4.791 
-5.06055 
-5.34358 
-5.64076 
-5.9528 
-6.28044 
-6.62446 
-6.98568 
-7.36497 
-7.76322 
-8.18138 
-8.62045 
-9.08147 
-9.56554 
-10.0738 
-10.6075 
-11.1679 
-11.7563 
-12.3741 
-13.0228 
-13.7039 
-14.4191 
-15.1701 
-15.9586 
-16.7865 
-17.6559 
-18.5686 
-19.5271 
-20.5334 
-21.5901 
-22.6996 
-23.8646 
-25.0878 
-26.3722 
-27.7208 
-29.1369 
-30.6237 
-32.1849 
-33.8241 
-35.5453 
-37.3526 
-39.2502 
-41.2428 
-43.3349 
-45.5316 
-47.8382 
-50.2601 
-52.8031 
-55.4733 
-58.277 
-61.2208 
-64.3118 
-67.5574 
-70.9653 
-74.5436 
