0 
5.5 
0.0243413 
5.49348 
-0.0473364 
5.47537 
-0.246503 
4.84503 
-5.30761 
-2.04192 
-3.23386 
5.40661 
-0.997354 
-2.26231 
-1.02664 
-2.55188 
2.09804 
-2.71522 
3.61856 
3.1816 
5.4824 
-0.169186 
5.18813 
-3.19263 
5.47138 
-0.290393 
4.59817 
-5.35712 
-1.52699 
-5.4789 
-0.207657 
5.03244 
-4.41117 
-4.53177 
-5.14504 
-3.56627 
3.63254 
3.05495 
5.41763 
-0.877907 
-1.0118 
-2.40617 
0.54882 
2.50634 
1.62692 
-5.46539 
-0.356171 
4.16258 
-2.49668 
1.52511 
-5.47706 
-0.227966 
4.93818 
-4.94867 
-4.89721 
-5.1285 
-3.70279 
2.38444 
0.310483 
4.47324 
-4.88279 
-5.18367 
-3.23242 
5.4095 
-0.966141 
-1.94515 
-4.02912 
-1.11559 
-3.37383 
4.91731 
-5.04451 
-4.33062 
-3.97314 
-0.506907 
2.90745 
4.9079 
-5.08485 
-4.04329 
-1.26777 
-4.52049 
-5.09985 
-3.92959 
-0.0285747 
5.49102 
-0.0744274 
5.43918 
-0.643218 
1.54299 
-5.49149 
-0.0692199 
5.44738 
-0.553552 
2.45989 
1.13249 
-3.5187 
4.00849 
-0.892491 
-1.16904 
-3.818 
1.18938 
