0 
-0.030375 
-0.0949884 
-0.166225 
-0.244763 
-0.331351 
-0.426814 
-0.532063 
-0.648099 
-0.77603 
-0.917073 
-1.07257 
-1.24401 
-1.43302 
-1.53594 
-1.64408 
-1.75768 
-1.87704 
-2.00244 
-2.13419 
-2.27261 
-2.41803 
-2.57082 
-2.73134 
-2.89999 
-3.07718 
-3.26334 
-3.45892 
-3.6644 
-3.88029 
-4.1071 
-4.3454 
-4.59576 
-4.85879 
-5.13515 
-5.42549 
-5.73053 
-6.05101 
-6.38772 
-6.74147 
-7.11313 
-7.50361 
-7.70747 
-7.91645 
-8.13069 
-8.35033 
-8.57548 
-8.8063 
-9.04293 
-9.28551 
-9.53419 
-9.78913 
-10.0505 
-10.3184 
-10.5931 
-10.8747 
-11.1633 
-11.4592 
-11.7626 
-12.0736 
-12.3924 
-12.7193 
-13.0543 
-13.3978 
-13.7499 
-14.1109 
-14.481 
-14.8604 
-15.2493 
-15.648 
-16.0568 
-16.4758 
-16.9053 
-17.3457 
-17.7972 
-18.26 
-18.7344 
-19.2208 
-19.7194 
-20.2306 
-20.7546 
-21.2918 
-21.8425 
-22.4071 
-22.9858 
-23.5792 
-24.1874 
-24.811 
-25.4502 
-26.1056 
-26.7774 
-27.4661 
-28.1721 
-28.8959 
-29.6379 
-30.3986 
-31.1784 
-31.9778 
-32.3863 
-32.7999 
-33.2188 
-33.6428 
-34.0722 
-34.5069 
-34.9471 
-35.3929 
-35.8442 
-36.3012 
-36.7639 
-37.2324 
-37.7068 
-38.1871 
-38.6734 
-39.1659 
-39.6645 
-40.1694 
-40.6806 
-41.1982 
-41.7223 
-42.253 
-42.7904 
-43.3344 
-43.8853 
-44.4431 
-45.0079 
-45.5798 
-46.1589 
-46.7452 
-47.3388 
-47.94 
-48.5486 
-49.1649 
-49.7889 
-50.4207 
-51.0605 
-51.7082 
-52.3641 
-53.0283 
-53.7007 
-54.3816 
-55.071 
-55.7691 
-56.4759 
-57.1916 
-57.9162 
-58.6499 
-59.3929 
-60.1451 
-60.9068 
-61.6781 
-62.459 
-63.2497 
-64.0503 
-64.8609 
-65.6818 
-66.5129 
-67.3544 
-68.2065 
-69.0693 
-69.9428 
-70.8274 
-71.723 
-72.6299 
-73.5481 
-74.4779 
-75.4193 
-76.3725 
-77.3376 
-78.3149 
-79.3044 
-80.3064 
-81.3208 
-82.3481 
