1 
0.815 
0.657075 
0.523653 
0.412406 
0.321227 
0.248211 
0.191631 
0.149926 
0.121683 
0.105623 
0.100589 
0.105533 
0.119507 
0.141654 
0.171197 
0.207433 
0.249727 
0.297503 
0.35024 
0.407467 
0.468758 
0.533726 
0.602022 
0.67333 
0.747364 
0.823864 
0.902597 
0.98335 
1.06593 
1.15017 
1.2359 
1.32299 
1.41131 
1.50073 
1.59116 
1.6825 
1.77467 
1.86757 
1.96115 
2.05534 
2.15009 
2.24533 
2.34102 
2.43712 
2.5336 
2.63041 
2.72752 
2.8249 
2.92254 
3.0204 
3.11846 
3.21671 
3.31512 
3.41368 
3.51238 
3.61121 
3.71014 
3.80918 
3.90831 
4.00752 
