1 
0.625 
0.390625 
0.244141 
0.152588 
0.0953674 
0.0596046 
0.0372529 
0.0232831 
0.0145519 
0.00909495 
0.00568434 
0.00355271 
0.00222045 
0.00138778 
0.000867362 
0.000542101 
0.000338813 
0.000211758 
0.000132349 
8.27181e-05 
5.16988e-05 
3.23117e-05 
2.01948e-05 
1.26218e-05 
7.88861e-06 
4.93038e-06 
3.08149e-06 
1.92593e-06 
1.20371e-06 
7.52316e-07 
4.70198e-07 
2.93874e-07 
1.83671e-07 
1.14794e-07 
7.17465e-08 
4.48416e-08 
2.8026e-08 
1.75162e-08 
1.09476e-08 
6.84228e-09 
4.27642e-09 
2.67276e-09 
1.67048e-09 
1.04405e-09 
6.5253e-10 
4.07832e-10 
2.54895e-10 
1.59309e-10 
9.95682e-11 
6.22302e-11 
3.88938e-11 
2.43087e-11 
1.51929e-11 
9.49557e-12 
5.93473e-12 
3.70921e-12 
2.31825e-12 
1.44891e-12 
9.05568e-13 
5.6598e-13 
