0
0.01
0.03
0.05
0.07
0.09
0.11
0.13
0.15
0.17
0.19
0.21
0.23
0.25
0.26
0.27
0.28
0.29
0.3
0.31
0.32
0.33
0.34
0.35
0.36
0.37
0.38
0.39
0.4
0.41
0.42
0.43
0.44
0.45
0.46
0.47
0.48
0.49
0.5
0.51
0.52
0.53
0.535
0.54
0.545
0.55
0.555
0.56
0.565
0.57
0.575
0.58
0.585
0.59
0.595
0.6
0.605
0.61
0.615
0.62
0.625
0.63
0.635
0.64
0.645
0.65
0.655
0.66
0.665
0.67
0.675
0.68
0.685
0.69
0.695
0.7
0.705
0.71
0.715
0.72
0.725
0.73
0.735
0.74
0.745
0.75
0.755
0.76
0.765
0.77
0.775
0.78
0.785
0.79
0.795
0.8
0.805
0.81
0.8125
0.815
0.8175
0.82
0.8225
0.825
0.8275
0.83
0.8325
0.835
0.8375
0.84
0.8425
0.845
0.8475
0.85
0.8525
0.855
0.8575
0.86
0.8625
0.865
0.8675
0.87
0.8725
0.875
0.8775
0.88
0.8825
0.885
0.8875
0.89
0.8925
0.895
0.8975
0.9
0.9025
0.905
0.9075
0.91
0.9125
0.915
0.9175
0.92
0.9225
0.925
0.9275
0.93
0.9325
0.935
0.9375
0.94
0.9425
0.945
0.9475
0.95
0.9525
0.955
0.9575
0.96
0.9625
0.965
0.9675
0.97
0.9725
0.975
0.9775
0.98
0.9825
0.985
0.9875
0.99
0.9925
0.995
0.9975
