277350
278423
277791
279698
276990
276726
277725
279105
283020
284809
276455
296450
290087
291879
278676
303922
276578
279289
276009
278790
283705
279974
281486
288563
278859
279823
277305
279759
277056
279139
276114
287451
282522
298493
295137
276355
279404
277666
281023
279173
277907
278864
279456
279979
275664
278952
277488
283032
277041
276093
281345
279368
282553
278778
280048
292650
281001
321817
289409
286308
302028
280017
276440
281969
284942
288319
276691
281739
286919
289034
300911
297447
287917
284457
281272
288106
279821
276808
276686
278428
276666
275843
275503
277220
278438
275379
276993
276910
276305
279002
276149
280130
275313
275923
275362
276700
277146
276367
275900
276611
