282486
289445
285819
287467
283780
278834
282060
285776
285108
292738
292609
286840
286507
314390
294997
300234
286502
280054
292577
284735
285415
296764
285627
281324
303747
287088
285350
288277
283028
288885
286685
303960
282219
299992
314738
299857
310679
292430
287256
283475
292530
280520
288439
288362
287022
301521
284981
292300
293377
286316
285382
283508
296423
285154
288434
313561
295722
316314
294043
324965
299645
290311
302412
287609
290231
320821
293431
315096
294823
312257
288811
295033
313826
288538
302037
304770
294014
283981
286868
287949
281655
278450
279800
286606
283040
288044
282092
279087
289246
277662
297263
290620
281262
285876
281149
280598
280417
283816
280484
280515
