165903
161650
171911
163635
171987
171647
168974
190264
175442
170259
175046
188507
188687
188051
169798
174600
165747
168068
172947
177198
171384
169558
172384
175743
179555
171608
176413
166132
172748
169710
177662
189539
174787
175067
198262
163209
181129
167353
169870
180244
165845
169579
171281
180819
173965
171849
180410
181792
168330
171607
172705
172404
166750
171599
169807
186149
170056
200163
170303
185452
181371
185168
170664
172197
171682
178430
182861
173074
171518
169828
187677
168287
172878
184973
174801
165272
173122
166377
168119
169637
172388
176145
174046
167947
168451
168130
170157
170304
166814
174815
170422
169221
177349
169673
175656
169949
162062
171480
164421
166063
