171358
165188
163611
170322
164030
163751
166956
170082
163503
166353
165452
165911
179301
165491
173566
162880
164280
163579
164650
167637
168800
165580
166825
169278
163633
164201
164602
166477
162769
166099
168861
173129
168312
166549
170198
170195
165059
166733
164302
168666
165861
165186
163815
164934
163806
167885
163922
164362
163596
165204
166321
169617
169499
168225
167853
162939
166605
189489
165401
167397
182592
164777
168893
178551
174812
164573
175494
172511
173885
163750
165202
164572
174080
167833
169451
163534
170274
167064
163778
163337
163159
165278
164128
163079
165967
163684
171031
163692
168791
171753
163929
162999
164516
163507
162632
164331
163356
165104
163707
164281
