277161
274805
274508
275343
274817
282791
276507
294217
280516
277864
280992
283107
280016
283898
289912
285853
283696
279920
285804
290249
289348
283793
293312
285216
287111
275382
417575
274850
275762
274715
275915
274913
275158
274605
275497
275504
275133
274178
275497
276336
275878
277392
275061
275254
275949
274679
275027
275786
274296
275303
338894
276532
275358
275114
274437
275660
274518
274201
275614
274981
274408
275318
274896
275473
275826
275160
277487
282194
275998
274661
274673
276404
298534
280705
285764
274414
282325
313574
280008
290360
276297
275660
274174
276036
276543
274395
277442
273871
275394
276063
283512
278329
278264
282544
274614
275366
279507
275168
274938
275792
