170117
165658
162709
178944
170149
170931
171705
170615
166786
170702
165577
168449
168386
166066
179990
174492
185494
164739
172371
164266
175583
179836
184545
172235
171298
170028
172227
171882
170620
165297
163168
163366
161642
165956
170706
178819
161887
164664
162953
164842
170008
166023
162285
171408
162822
163583
165060
163542
173314
171151
174339
170243
162746
162307
166408
170974
171442
171817
171028
175618
169255
167478
162898
162226
162017
172722
176793
162861
170069
166137
162128
179237
171478
181869
171740
179475
169040
187891
172254
171612
161816
163638
162016
163298
161398
163264
171472
179134
164572
173182
174431
164298
172467
168238
162783
170047
176227
162529
164416
164483
