164685
162519
162005
167677
177421
163348
163547
185424
164681
168360
164912
162780
169396
165902
163545
167535
164699
166361
171823
176103
167816
167028
167310
173782
176287
166875
162770
161869
161921
162688
161508
161788
162251
161825
162278
162133
161710
161767
162102
163518
161935
162242
162830
162146
161272
162757
162826
163467
161494
162144
161858
161456
163007
161706
162283
161926
161290
161192
161266
161436
162842
162038
162255
162535
161945
162463
161893
162264
161894
162328
163427
162856
172070
163240
165445
165140
175406
187533
165751
170590
162390
163296
161895
161782
161372
164821
164118
162248
162236
161446
163946
161294
163392
166208
164013
161299
165671
161731
162949
163604
