277429
292781
285547
280425
280355
279529
287632
297063
294879
297729
284699
300080
292128
286707
309471
294527
292996
285792
285081
296541
299932
323460
294664
299810
306512
297513
307210
278366
278120
291864
274851
292095
284124
276448
280741
277553
287786
274746
281350
276788
277247
291637
288051
275507
277565
275618
289352
287976
277376
280294
282993
278708
275350
277457
284693
279436
281001
282331
274577
276619
276591
284368
279587
277044
280934
274913
287757
276616
287096
291952
280905
277011
280553
276761
301807
331198
296010
288945
315539
294085
278590
278996
275222
277290
287115
283932
285224
278196
282190
283486
288229
277598
297575
284235
275733
276037
278260
276143
280762
278810
